24
16
434
6
10.555019, 4.534656
10.315557, 4.772844
10.189808, 4.938507
10.157430, 5.083766
9.179724, 4.641221
9.752101, 3.838559
4
11.195259, 3.899775
10.555019, 4.534656
9.752101, 3.838559
10.545041, 3.047925
5
11.679657, 3.589987
11.426170, 3.700881
11.195259, 3.899775
10.545041, 3.047925
11.200778, 2.672495
9
12.483668, 3.249039
12.357771, 3.413842
11.884256, 3.532785
11.760179, 3.554761
11.679657, 3.589987
11.200778, 2.672495
11.490820, 2.535198
11.859348, 2.454762
12.014934, 2.324938
7
13.167974, 2.850636
12.873404, 3.019213
12.778557, 3.089197
12.483668, 3.249039
12.014934, 2.324938
12.202474, 2.184379
12.669716, 1.931113
4
14.061009, 2.394366
13.167974, 2.850636
12.669716, 1.931113
13.544912, 1.501556
7
14.621024, 2.003759
14.493130, 2.128346
14.061009, 2.394366
13.544912, 1.501556
13.650716, 1.444528
13.831338, 1.279253
14.145579, 1.085802
7
15.397943, 1.714109
15.300658, 1.711549
15.060008, 1.744831
14.752795, 1.875396
14.621024, 2.003759
14.145579, 1.085802
14.930749, 0.751493
7
15.738810, 0.652709
16.245670, 0.995896
16.370473, 1.267919
15.397943, 1.714109
14.930749, 0.751493
15.112764, 0.663154
15.398108, 0.643743
7
16.375721, 1.279363
16.751870, 2.116591
16.773755, 2.147240
16.780893, 2.162804
15.841644, 2.681561
15.397943, 1.714109
16.370473, 1.267919
5
17.336232, 3.011867
17.356178, 3.045316
16.424742, 3.572385
15.841644, 2.681561
16.780893, 2.162804
8
17.362992, 3.057175
17.803149, 3.965723
17.818282, 4.017423
17.300314, 4.179503
16.799418, 4.336241
16.794666, 4.319289
16.424742, 3.572385
17.356178, 3.045316
8
17.818282, 4.017423
17.838089, 4.085094
17.979742, 4.986545
16.912365, 5.069083
16.911486, 4.881671
16.878588, 4.618626
16.799418, 4.336241
17.300314, 4.179503
5
17.980825, 5.019889
17.956759, 6.200721
16.888750, 6.134091
16.912365, 5.069083
17.980066, 4.996531
4
17.956759, 6.200721
17.835234, 7.360209
16.778739, 7.193095
16.888750, 6.134091
5
17.834682, 7.363900
17.591430, 8.508853
17.222850, 8.411131
16.557566, 8.234745
16.778739, 7.193095
6
17.222850, 8.411131
17.591430, 8.508853
17.227351, 9.646788
16.549987, 9.375750
16.233832, 9.249244
16.557566, 8.234745
6
16.549987, 9.375750
17.227351, 9.646788
16.730365, 10.671615
16.720907, 10.686197
15.820076, 10.112087
16.233832, 9.249244
5
16.720907, 10.686197
16.710048, 10.702939
16.041431, 11.523523
15.282790, 10.771513
15.820076, 10.112087
4
16.041431, 11.523523
15.169553, 12.246654
14.544029, 11.381188
15.282790, 10.771513
5
15.169553, 12.246654
14.248808, 12.824327
14.096774, 12.549406
13.731617, 11.889096
14.544029, 11.381188
5
14.096774, 12.549406
14.248808, 12.824327
13.275194, 13.294611
12.869038, 12.305932
13.731617, 11.889096
4
13.275194, 13.294611
12.201338, 13.661949
11.966528, 12.619345
12.869038, 12.305932
9
12.201338, 13.661949
10.868638, 13.731428
10.827601, 13.724872
10.801203, 13.734944
11.118623, 12.713110
11.212628, 12.701936
11.266609, 12.709651
11.483657, 12.704811
11.963988, 12.619898
8
10.311827, 12.462489
10.927543, 12.661195
10.971912, 12.667536
11.118623, 12.713110
10.801203, 13.734944
9.762443, 13.578227
9.769386, 13.401599
9.929010, 12.343572
4
9.721356, 14.536352
9.762443, 13.578227
10.801203, 13.734944
10.775243, 14.678875
5
9.611973, 15.061732
9.703084, 14.753451
9.721356, 14.536352
10.775243, 14.678875
10.569910, 15.520148
8
9.466132, 16.007812
9.081787, 15.713638
9.168275, 15.658920
9.364197, 15.487708
9.574238, 15.189414
9.611973, 15.061732
10.569910, 15.520148
10.200943, 16.007812
4
6.232821, 12.842597
5.679408, 13.767513
4.888829, 13.102649
5.519824, 12.289393
5
6.365205, 12.945313
6.560726, 12.993944
6.179681, 14.001769
5.679408, 13.767513
6.232821, 12.842597
9
6.613559, 13.007084
7.462670, 13.419939
6.871425, 14.266214
6.800400, 14.214896
6.682577, 14.152199
6.543383, 14.097329
6.454111, 14.072728
6.179681, 14.001769
6.560726, 12.993944
8
7.881086, 13.823290
7.937107, 13.912560
7.260223, 14.725480
6.978667, 14.398307
6.930125, 14.323696
6.881496, 14.273491
6.871425, 14.266214
7.462670, 13.419939
5
7.983848, 13.972972
8.579735, 14.545233
7.637625, 15.098069
7.260223, 14.725480
7.937107, 13.912560
11
8.975759, 15.345473
8.070336, 15.967316
7.993426, 15.723409
7.926781, 15.402353
7.914751, 15.373786
7.870198, 15.315416
7.749824, 15.188731
7.637625, 15.098069
8.579735, 14.545233
8.769680, 14.765463
8.903710, 14.995717
6
9.023039, 15.415776
9.081787, 15.713638
9.421195, 16.007812
8.151250, 16.007812
8.070336, 15.967316
8.975759, 15.345473
11
10.236759, 5.223168
10.518118, 5.353076
10.861580, 5.363295
11.274457, 5.291438
11.098790, 5.593913
10.923122, 6.036387
10.747454, 6.198862
9.916103, 5.499769
9.937537, 5.462862
10.080881, 5.360156
10.181333, 5.125770
7
10.532657, 6.352764
10.296184, 6.522197
10.257306, 6.601721
9.405828, 5.940551
9.417868, 5.918206
9.916103, 5.499769
10.747454, 6.198862
4
10.257306, 6.601721
9.799012, 7.570039
8.828251, 7.120201
9.405828, 5.940551
4
9.799012, 7.570039
9.362738, 8.547031
8.378351, 8.128884
8.828251, 7.120201
4
9.362738, 8.547031
8.961637, 9.538922
7.952886, 9.184868
8.378351, 8.128884
4
8.961637, 9.538922
8.692429, 10.439011
7.623083, 10.463216
7.952886, 9.184868
5
8.688497, 10.458503
8.717022, 11.508729
7.630988, 10.812424
7.623083, 10.463216
8.692429, 10.439011
4
8.717022, 11.508729
7.734817, 11.933196
7.310350, 10.950990
7.630988, 10.812424
5
7.734817, 11.933196
7.035641, 12.280725
6.965295, 12.337006
6.334871, 11.485971
7.310350, 10.950990
5
6.965295, 12.337006
6.766047, 12.496417
6.365205, 12.945313
5.527750, 12.284821
6.334871, 11.485971
5
0.084924, 8.599267
0.595783, 8.672317
0.470610, 9.735058
0.000000, 9.655625
0.000000, 8.583851
6
0.614533, 8.674768
1.644040, 8.742424
1.553633, 9.807280
0.481946, 9.736539
0.470610, 9.735058
0.595783, 8.672317
6
1.663080, 8.742892
2.687306, 8.849122
2.566618, 9.912344
2.557576, 9.911442
1.553633, 9.807280
1.644040, 8.742424
6
2.751944, 8.857093
3.266640, 8.965982
3.512549, 8.966526
3.510842, 10.028792
2.566618, 9.912344
2.687306, 8.849122
5
4.689347, 9.886640
3.510842, 10.028792
3.512549, 8.966526
3.534140, 8.966573
4.556035, 8.825617
4
5.745851, 9.748648
4.689347, 9.886640
4.556035, 8.825617
5.598219, 8.689404
4
6.862169, 9.583952
5.745851, 9.748648
5.598219, 8.689404
6.638640, 8.539155
5
7.898548, 9.291477
6.862169, 9.583952
6.638640, 8.539155
7.236301, 8.412677
7.449508, 8.330163
8
8.236052, 8.465001
7.925663, 9.258979
7.918805, 9.277650
7.898548, 9.291477
7.449508, 8.330163
7.485770, 8.316130
7.722187, 8.190976
7.881346, 8.050492
6
8.685273, 7.433036
8.236052, 8.465001
7.881346, 8.050492
7.922738, 8.013958
8.010519, 7.861378
8.559483, 7.276937
4
8.760980, 7.266224
8.685273, 7.433036
8.559483, 7.276937
8.831006, 7.114221
5
18.720027, 6.033654
17.957697, 6.172563
17.981716, 5.127036
18.121939, 5.112914
18.461330, 5.019359
4
19.796833, 5.677750
18.720027, 6.033654
18.461330, 5.019359
19.453395, 4.666040
4
20.728938, 5.333880
19.796833, 5.677750
19.453395, 4.666040
20.444672, 4.318906
4
21.627479, 5.133798
20.728938, 5.333880
20.444672, 4.318906
21.470552, 4.099333
4
22.555142, 5.075556
21.627479, 5.133798
21.470552, 4.099333
22.411767, 4.025575
5
23.508829, 4.900860
22.555142, 5.075556
22.411767, 4.025575
23.032065, 3.957158
23.136199, 3.922263
7
24.000000, 4.602090
23.508829, 4.900860
23.136199, 3.922263
23.285703, 3.872165
23.518404, 3.740232
23.967397, 3.369517
24.000000, 3.349685
7
0.192100, 9.698515
0.432237, 9.730043
0.305201, 10.791727
0.279694, 10.788548
0.256256, 10.784562
0.000000, 10.740986
0.000000, 9.668840
7
0.481946, 9.736539
1.495914, 9.809108
1.404940, 10.869691
1.335197, 10.865170
1.323241, 10.864379
0.305201, 10.791727
0.432237, 9.730043
6
1.569578, 9.810918
2.557576, 9.911442
2.446794, 10.975673
2.388030, 10.969715
1.404940, 10.869691
1.495914, 9.809108
5
3.511337, 10.036526
3.509972, 11.082760
2.457246, 10.976962
2.446794, 10.975673
2.557576, 9.911442
5
4.587943, 10.976983
3.548222, 11.083279
3.509972, 11.082760
3.511337, 10.036526
4.465566, 9.916937
5
5.667749, 10.838018
5.473063, 10.863621
4.587943, 10.976983
4.465566, 9.916937
5.523288, 9.778828
5
6.781562, 10.677427
6.532594, 10.714158
5.667749, 10.838018
5.523288, 9.778828
6.579828, 9.630565
5
7.703649, 9.957782
7.617362, 10.475088
6.781562, 10.677427
6.579828, 9.630565
7.525310, 9.443159
4
7.703649, 9.957782
7.525310, 9.443159
7.911297, 9.298090
7.925663, 9.258979
5
17.953025, 7.255214
17.849955, 7.261690
17.873153, 7.106445
17.875170, 7.091508
17.902078, 6.868641
5
17.956763, 6.200630
18.865546, 6.011596
19.129939, 7.017473
17.953025, 7.255214
17.902078, 6.868641
4
20.200620, 6.668894
19.129939, 7.017473
18.865546, 6.011596
19.872403, 5.652777
5
21.143587, 6.357783
20.217901, 6.664126
20.200620, 6.668894
19.872403, 5.652777
20.886729, 5.325425
5
22.101951, 6.190940
21.791402, 6.219129
21.143587, 6.357783
20.886729, 5.325425
21.935068, 5.137268
4
23.227270, 6.039748
22.101951, 6.190940
21.935068, 5.137268
23.003494, 5.047543
6
24.000000, 5.456416
24.000000, 5.794707
23.227270, 6.039748
23.003494, 5.047543
23.726598, 4.847122
23.929074, 5.298353
5
24.000000, 5.456416
23.929074, 5.298353
23.726598, 4.847122
23.768621, 4.828379
24.000000, 4.697195
6
0.256256, 10.784562
0.126706, 11.846716
0.098098, 11.843028
0.076877, 11.839419
0.000000, 11.826346
0.000000, 10.740986
7
0.279694, 10.788548
1.323241, 10.864379
1.230683, 11.930054
1.160709, 11.925238
1.143494, 11.924036
0.126706, 11.846716
0.256256, 10.784562
6
1.335197, 10.865170
2.388030, 10.969715
2.278438, 12.034089
2.208504, 12.027151
1.230683, 11.930054
1.323241, 10.864379
5
2.457246, 10.976962
3.452207, 11.081976
3.444297, 12.151244
2.279456, 12.034195
2.388030, 10.969715
4
4.525029, 12.058992
3.444297, 12.151244
3.452207, 11.081976
4.411544, 10.998334
5
5.613819, 11.923783
5.450348, 11.944820
4.525029, 12.058992
4.411544, 10.998334
5.473063, 10.863621
5
6.635043, 11.284024
5.863257, 11.888575
5.613819, 11.923783
5.473063, 10.863621
6.532594, 10.714158
5
7.612742, 10.602429
7.609713, 10.809437
6.635043, 11.284024
6.532594, 10.714158
7.579759, 10.493234
4
7.612742, 10.602429
7.579759, 10.493234
7.617086, 10.482700
7.617362, 10.475088
5
18.312569, 8.273028
17.635204, 8.336899
17.849955, 7.261690
17.848002, 7.274758
18.154641, 7.224296
4
19.476328, 8.028472
18.312569, 8.273028
18.154641, 7.224296
19.202004, 7.001282
5
20.540489, 7.683603
19.976329, 7.867233
19.476328, 8.028472
19.202004, 7.001282
20.217901, 6.664126
5
21.488962, 7.391530
20.996158, 7.543529
20.540489, 7.683603
20.217901, 6.664126
21.240256, 6.349071
5
22.469062, 7.223625
22.035977, 7.298034
21.488962, 7.391530
21.240256, 6.349071
22.295639, 6.173412
4
23.604287, 7.040438
22.469062, 7.223625
22.295639, 6.173412
23.354939, 6.016853
6
24.000000, 6.912406
23.604287, 7.040438
23.354939, 6.016853
23.764162, 5.941892
23.931338, 5.881449
24.000000, 5.842800
3
0.076877, 11.839419
0.000000, 12.458312
0.000000, 11.826346
8
0.098098, 11.843028
1.143494, 11.924036
1.049660, 12.989486
0.965556, 12.983280
0.931660, 12.980757
0.000000, 12.906679
0.000000, 12.458312
0.076877, 11.839419
6
1.160709, 11.925238
2.208504, 12.027151
2.100683, 13.091707
1.980829, 13.080127
1.049660, 12.989486
1.143494, 11.924036
4
3.272727, 12.138189
3.246517, 13.207927
2.100683, 13.091707
2.208504, 12.027151
4
4.323438, 13.151534
3.246517, 13.207927
3.272727, 12.138189
4.233279, 12.088820
5
5.362307, 12.492409
4.902084, 13.085565
4.323438, 13.151534
4.233279, 12.088820
5.296089, 11.964673
10
5.858550, 11.893132
5.829632, 11.923413
5.627512, 12.152354
5.519824, 12.289393
5.362307, 12.492409
5.296089, 11.964673
5.450348, 11.944820
5.718331, 11.910333
5.723670, 11.909618
5.861269, 11.890500
4
18.243083, 9.355536
17.305161, 9.433949
17.632515, 8.347464
18.103579, 8.308131
4
19.285687, 9.163428
18.243083, 9.355536
18.103579, 8.308131
19.049349, 8.125365
4
20.278877, 8.893809
19.285687, 9.163428
19.049349, 8.125365
19.976329, 7.867233
5
21.281265, 8.575301
20.733652, 8.749459
20.278877, 8.893809
19.976329, 7.867233
20.996158, 7.543529
4
22.245662, 8.347686
21.281265, 8.575301
20.996158, 7.543529
22.035977, 7.298034
4
23.301972, 8.174771
22.245662, 8.347686
22.035977, 7.298034
23.094491, 7.138051
4
24.000000, 8.009453
23.301972, 8.174771
23.094491, 7.138051
24.000000, 6.917218
7
0.249650, 12.929907
0.931660, 12.980757
0.835999, 14.045778
0.808924, 14.043819
0.776692, 14.041276
0.000000, 13.975340
0.000000, 12.906679
6
0.965556, 12.983280
1.980829, 13.080127
1.874961, 14.144808
1.838266, 14.141391
0.835999, 14.045778
0.931660, 12.980757
5
3.029101, 13.188609
2.984875, 14.259746
2.898920, 14.250854
1.874961, 14.144808
1.980829, 13.080127
4
4.036448, 14.238093
2.984875, 14.259746
3.029101, 13.188609
3.975859, 13.182733
6
4.863904, 13.134773
5.046953, 13.276799
5.141864, 14.133758
4.036448, 14.238093
3.975859, 13.182733
4.897841, 13.091033
6
5.075249, 13.298753
5.797541, 13.859171
5.998535, 13.956714
6.179681, 14.001769
5.141864, 14.133758
5.046953, 13.276799
4
17.648193, 9.410215
17.755631, 10.468515
16.816864, 10.534505
17.305161, 9.433949
4
18.877363, 10.319390
17.755631, 10.468515
17.648193, 9.410215
18.695372, 9.286710
4
19.983756, 10.075792
18.877363, 10.319390
18.695372, 9.286710
19.726657, 9.063476
4
21.020681, 9.776825
19.983756, 10.075792
19.726657, 9.063476
20.733652, 8.749459
4
21.993600, 9.506873
21.020681, 9.776825
20.733652, 8.749459
21.749751, 8.471170
4
22.996346, 9.309159
21.993600, 9.506873
21.749751, 8.471170
22.782726, 8.263606
5
23.822394, 8.080534
24.000000, 8.767083
24.000000, 9.103622
22.996346, 9.309159
22.782726, 8.263606
4
24.000000, 8.767083
23.822394, 8.080534
23.989918, 8.041019
24.000000, 8.038161
7
0.066781, 13.985202
0.776692, 14.041276
0.679960, 15.106391
0.622586, 15.101588
0.593347, 15.099125
0.000000, 15.047337
0.000000, 13.978851
6
0.808924, 14.043819
1.838266, 14.141391
1.732857, 15.206187
1.653127, 15.198647
0.679960, 15.106391
0.776692, 14.041276
5
2.898920, 14.250854
2.849626, 15.320462
2.712015, 15.307259
1.732857, 15.206187
1.838266, 14.141391
4
4.018480, 15.308690
2.849626, 15.320462
2.898920, 14.250854
3.965246, 14.243321
4
5.140370, 15.208651
4.018480, 15.308690
3.965246, 14.243321
5.027480, 14.148197
4
6.237198, 15.073066
5.140370, 15.208651
5.027480, 14.148197
6.085573, 14.015543
10
6.543383, 14.097329
6.682577, 14.152199
6.800400, 14.214896
6.881496, 14.273491
6.930125, 14.323696
7.325654, 14.805120
7.342722, 14.892558
6.237198, 15.073066
6.085573, 14.015543
6.182171, 14.002388
5
7.388342, 14.866416
7.402916, 14.878894
7.342722, 14.892558
7.325654, 14.805120
7.352538, 14.832794
5
16.004465, 11.657251
15.896465, 11.663809
15.938915, 11.625642
15.961067, 11.604548
15.997168, 11.568150
5
17.064071, 11.589419
16.004465, 11.657251
15.997168, 11.568150
16.815541, 10.536965
16.981699, 10.528347
4
18.171501, 11.490265
17.064071, 11.589419
16.981699, 10.528347
18.045186, 10.446106
4
19.297233, 11.318425
18.171501, 11.490265
18.045186, 10.446106
19.100256, 10.286278
4
20.400143, 11.065218
19.297233, 11.318425
19.100256, 10.286278
20.138795, 10.040912
4
21.438309, 10.772313
20.400143, 11.065218
20.138795, 10.040912
21.162040, 9.739653
4
22.434554, 10.516342
21.438309, 10.772313
21.162040, 9.739653
22.195196, 9.477103
4
23.469165, 10.306326
22.434554, 10.516342
22.195196, 9.477103
23.241106, 9.268997
4
24.000000, 10.182634
23.469165, 10.306326
23.241106, 9.268997
24.000000, 9.109052
5
0.161176, 15.062711
0.593347, 15.099125
0.509508, 16.007812
0.000000, 16.007812
0.000000, 15.049131
5
0.622586, 15.101588
1.653127, 15.198647
1.573526, 16.007812
0.509508, 16.007812
0.593347, 15.099125
4
2.712015, 15.307259
2.674894, 16.007812
1.573526, 16.007812
1.653127, 15.198647
4
3.776327, 15.313676
3.799866, 16.007812
2.674894, 16.007812
2.712015, 15.307259
4
4.909145, 16.007812
3.799866, 16.007812
3.776327, 15.313676
4.837813, 15.237212
4
6.013043, 16.007812
4.909145, 16.007812
4.837813, 15.237212
5.895367, 15.116547
4
7.133686, 16.007812
6.013043, 16.007812
5.895367, 15.116547
6.948081, 14.959155
8
7.870198, 15.315416
7.914751, 15.373786
7.926781, 15.402353
8.014926, 15.831153
7.147689, 16.007812
7.133686, 16.007812
6.948081, 14.959155
7.405052, 14.880722
9
11.293571, 14.619110
10.764492, 14.882306
10.768085, 14.861705
10.793165, 14.536883
10.794069, 14.522725
10.808097, 14.245414
10.808372, 14.239278
10.818975, 13.967950
10.825063, 13.796391
5
12.232637, 14.012268
11.293571, 14.619110
10.825063, 13.796391
10.827601, 13.724872
12.032738, 13.698847
5
13.051387, 13.484177
12.885211, 13.570565
12.232637, 14.012268
12.032738, 13.698847
13.008661, 13.402977
4
13.880243, 13.128303
13.051387, 13.484177
13.008661, 13.402977
13.847716, 13.034335
5
14.771979, 12.894801
14.336426, 12.982288
13.880243, 13.128303
13.847716, 13.034335
14.703652, 12.558607
4
15.730519, 12.761095
14.771979, 12.894801
14.703652, 12.558607
15.634154, 11.893236
6
15.879141, 11.679386
16.673811, 11.616604
16.760116, 12.681714
16.715001, 12.685982
15.730519, 12.761095
15.634154, 11.893236
4
17.846359, 12.593139
16.760116, 12.681714
16.673811, 11.616604
17.736028, 11.542533
4
18.959704, 12.450739
17.846359, 12.593139
17.736028, 11.542533
18.792738, 11.410054
4
20.067266, 12.236638
18.959704, 12.450739
18.792738, 11.410054
19.837358, 11.203653
4
21.134562, 11.967473
20.067266, 12.236638
19.837358, 11.203653
20.867379, 10.934611
4
22.152397, 11.695998
21.134562, 11.967473
20.867379, 10.934611
21.895396, 10.658721
4
23.168609, 11.461102
22.152397, 11.695998
21.895396, 10.658721
22.932449, 10.419702
5
24.000000, 10.302503
24.000000, 11.277862
23.168609, 11.461102
22.932449, 10.419702
23.974741, 10.201702
3
24.000000, 10.302503
23.974741, 10.201702
24.000000, 10.196456
9
11.378343, 15.772023
11.368826, 15.776758
10.855236, 16.007812
10.306617, 16.007812
10.455269, 15.796701
10.519379, 15.675110
10.764492, 14.882306
10.761943, 14.896922
10.899042, 14.831715
4
12.281280, 15.254635
11.378343, 15.772023
10.899042, 14.831715
11.729354, 14.344323
5
13.164107, 14.690283
12.544165, 15.086688
12.281280, 15.254635
11.729354, 14.344323
12.628064, 13.763371
4
13.984762, 14.258767
13.164107, 14.690283
12.628064, 13.763371
13.575034, 13.270208
5
14.841174, 13.990092
14.260772, 14.144179
13.984762, 14.258767
13.575034, 13.270208
14.593583, 12.948758
4
15.780600, 13.839147
14.841174, 13.990092
14.593583, 12.948758
15.649046, 12.777176
5
16.803473, 13.752321
16.548572, 13.774129
15.780600, 13.839147
15.649046, 12.777176
16.715001, 12.685982
5
17.891524, 13.661772
17.614932, 13.685783
16.804916, 13.752198
16.715001, 12.685982
17.781539, 12.599461
4
19.006967, 13.523410
17.891524, 13.661772
17.781539, 12.599461
18.843794, 12.470036
4
20.118911, 13.316463
19.006967, 13.523410
18.843794, 12.470036
19.896730, 12.278628
4
21.196593, 13.055331
20.118911, 13.316463
19.896730, 12.278628
20.936630, 12.025899
4
22.228630, 12.784286
21.196593, 13.055331
20.936630, 12.025899
21.969494, 11.746056
5
23.250917, 12.542405
22.853040, 12.636557
22.228630, 12.784286
21.969494, 11.746056
23.010699, 11.499718
5
24.000000, 12.374160
23.896046, 12.397790
23.250917, 12.542405
23.010699, 11.499718
24.000000, 11.281299
6
11.825642, 16.007812
10.904357, 16.007812
11.129324, 15.895900
11.368826, 15.776758
11.617057, 15.653272
11.631227, 15.645898
4
13.092528, 16.005495
11.825642, 16.007812
11.634355, 15.644270
12.544165, 15.086688
7
13.946968, 15.489320
13.299296, 15.881300
13.227995, 15.924127
13.116901, 15.990507
13.092528, 16.005495
12.544165, 15.086688
13.460863, 14.536069
5
14.768718, 15.137530
14.428575, 15.244877
13.946968, 15.489320
13.460863, 14.536069
14.442344, 14.118510
5
15.657767, 14.943852
15.059723, 15.045689
14.768718, 15.137530
14.442344, 14.118510
15.485063, 13.887881
4
16.650104, 14.839351
15.657767, 14.943852
15.485063, 13.887881
16.548572, 13.774129
5
17.719765, 14.749844
17.328079, 14.783420
16.650104, 14.839351
16.548572, 13.774129
17.614932, 13.685783
4
18.826248, 14.624144
17.719765, 14.749844
17.614932, 13.685783
18.678081, 13.565476
4
19.936845, 14.438879
18.826248, 14.624144
18.678081, 13.565476
19.733530, 13.390960
4
21.025131, 14.197943
19.936845, 14.438879
19.733530, 13.390960
20.778311, 13.160819
4
22.074554, 13.930996
21.025131, 14.197943
20.780774, 13.160198
21.814568, 12.894126
5
23.100722, 13.677497
22.519782, 13.821660
22.074554, 13.930996
21.814568, 12.894126
22.853040, 12.636557
5
24.000000, 12.830988
24.000000, 13.471045
23.100722, 13.677497
22.853040, 12.636557
23.896046, 12.397790
3
24.000000, 12.830988
23.896046, 12.397790
24.000000, 12.374160
5
13.369775, 16.007812
13.089813, 16.007812
13.116901, 15.990507
13.227995, 15.924127
13.299296, 15.881300
4
14.497126, 16.007812
13.369775, 16.007812
13.299296, 15.881300
14.231587, 15.386812
4
15.466683, 16.007812
14.497126, 16.007812
14.231587, 15.386812
15.232287, 15.054008
5
16.411775, 15.940967
15.820751, 16.007812
15.466683, 16.007812
15.232287, 15.054008
16.275391, 14.884729
4
17.434677, 15.847446
16.411775, 15.940967
16.275391, 14.884729
17.328079, 14.783420
4
18.512384, 15.735880
17.434677, 15.847446
17.328079, 14.783420
18.380621, 14.679421
4
19.606091, 15.576841
18.512384, 15.735880
18.384446, 14.678946
19.428354, 14.533488
4
20.689463, 15.365044
19.606091, 15.576841
19.428354, 14.533488
20.467015, 14.332679
4
21.744881, 15.116370
20.689463, 15.365044
20.467015, 14.332679
21.494849, 14.082573
5
22.772474, 14.860768
22.157467, 15.014001
21.744881, 15.116370
21.494849, 14.082573
22.519782, 13.821660
4
23.797839, 14.615630
22.772474, 14.860768
22.519782, 13.821660
23.548530, 13.576553
4
24.000000, 14.568261
23.797839, 14.615630
23.548530, 13.576553
24.000000, 13.471045
3
17.010438, 16.007812
16.142016, 16.007812
16.996685, 15.892243
4
18.065109, 16.007812
17.010438, 16.007812
16.996685, 15.892243
18.040084, 15.790380
4
19.132301, 16.007812
18.065109, 16.007812
18.040084, 15.790380
19.081434, 15.666606
4
20.214753, 16.007812
19.132301, 16.007812
19.081434, 15.666606
20.116069, 15.493936
4
21.307640, 16.007812
20.214753, 16.007812
20.116069, 15.493936
21.140345, 15.268492
4
22.397067, 16.007812
21.307640, 16.007812
21.140345, 15.268492
22.157467, 15.014001
5
23.427101, 15.805386
22.595291, 16.007812
22.397067, 16.007812
22.157467, 15.014001
23.175955, 14.765860
4
24.000000, 15.668288
23.427101, 15.805386
23.175955, 14.765860
24.000000, 14.569350
4
0.137056, 7.522772
0.155796, 7.525958
0.000000, 8.584825
0.000000, 7.499465
6
0.176221, 7.529431
1.060865, 7.638521
1.148332, 7.650253
1.061365, 8.716827
0.000000, 8.584825
0.155796, 7.525958
5
1.377097, 7.665543
2.247864, 7.694986
2.129606, 8.758491
1.061365, 8.716827
1.148332, 7.650253
5
2.286325, 7.699284
3.149387, 7.857193
3.076656, 8.931648
2.129606, 8.758491
2.247864, 7.694986
7
4.138509, 8.882997
3.076656, 8.931648
3.149387, 7.857193
3.161659, 7.856630
3.323488, 7.890042
3.433815, 7.896916
4.043320, 7.816236
4
5.199155, 8.741948
4.138509, 8.882997
4.043320, 7.816236
5.055888, 7.681580
5
6.259203, 8.596469
5.199155, 8.741948
5.058048, 7.681284
5.314117, 7.646141
6.078676, 7.541506
4
7.305899, 8.381488
6.259203, 8.596469
6.078676, 7.541506
6.824748, 7.408322
9
8.077144, 7.710802
7.801766, 8.120734
7.305899, 8.381488
6.824748, 7.408322
6.952103, 7.366095
7.079457, 7.323867
7.148451, 7.138807
7.200252, 7.055366
7.322769, 6.948823
4
7.744359, 6.492223
7.754865, 6.504948
7.551799, 6.690728
7.691924, 6.532820
4
7.823184, 6.431194
7.858032, 6.410562
7.754865, 6.504948
7.744359, 6.492223
6
9.879152, 5.504695
9.592676, 5.709955
9.431215, 5.893434
9.101491, 6.536355
8.758283, 5.877572
9.834108, 5.390775
4
10.080881, 5.360156
9.879152, 5.504695
9.834108, 5.390775
10.182277, 5.271048
7
18.296506, 5.068729
18.272052, 5.074919
17.982411, 5.099706
17.832768, 4.066913
17.889662, 4.062814
18.022369, 4.036742
18.071051, 4.020673
4
19.303522, 4.718639
18.296506, 5.068729
18.071051, 4.020673
18.943277, 3.711100
5
20.306899, 4.347187
19.306629, 4.717551
18.943277, 3.711100
19.186702, 3.620992
19.990037, 3.324874
4
21.240951, 4.105390
20.310026, 4.346138
19.990037, 3.324874
21.065257, 3.050213
4
22.200141, 4.031464
21.240951, 4.105390
21.065257, 3.050213
22.083694, 2.967276
7
23.252583, 3.882344
22.200141, 4.031464
22.083694, 2.967276
22.110231, 2.963516
22.732487, 2.927253
22.816900, 2.903980
22.846225, 2.889381
6
24.000000, 3.109658
24.000000, 3.330335
23.252583, 3.882344
22.846225, 2.889381
22.883421, 2.870864
23.447789, 2.407985
6
24.000000, 3.109658
23.447789, 2.407985
23.583517, 2.294269
23.788563, 2.122477
23.993609, 1.950685
24.000000, 1.945331
3
0.159279, 6.441190
0.000000, 7.499465
0.000000, 6.414105
5
1.155122, 6.572001
1.060865, 7.638521
0.000000, 7.499465
0.159279, 6.441190
0.966516, 6.546453
4
2.238370, 6.623073
2.129442, 7.687671
1.060865, 7.638521
1.155122, 6.572001
7
2.276741, 6.627629
3.047555, 6.750079
3.056004, 6.751422
3.237004, 6.781051
3.186124, 7.855510
2.129442, 7.687671
2.238370, 6.623073
4
4.253395, 7.786180
3.186124, 7.855510
3.237004, 6.781051
4.148777, 6.722792
4
5.314117, 7.646141
4.253395, 7.786180
4.148777, 6.722792
5.160529, 6.587189
4
6.370955, 7.481180
5.314117, 7.646141
5.160529, 6.587189
6.023788, 6.460149
9
7.266043, 6.952160
7.226529, 7.013039
6.952103, 7.366095
6.370955, 7.481180
6.023788, 6.460149
6.325332, 6.398214
6.541333, 6.210377
6.621086, 6.124615
6.645803, 6.111091
11
7.893018, 6.378554
7.858032, 6.410562
7.823184, 6.431194
7.744359, 6.492223
7.691924, 6.532820
7.551799, 6.690728
7.266043, 6.952160
6.645803, 6.111091
7.116961, 5.654071
7.233719, 5.540817
7.249119, 5.529977
4
8.822802, 5.846868
7.893018, 6.378554
7.249119, 5.529977
8.333041, 4.894524
7
9.178358, 4.652119
9.567045, 4.823481
9.797717, 5.405557
8.822802, 5.846868
8.333041, 4.894524
8.598288, 4.774425
9.268545, 4.474374
5
10.157430, 5.083766
10.236759, 5.223168
10.212920, 5.244119
9.797717, 5.405557
9.567045, 4.823481
5
18.178800, 3.980149
17.818942, 4.019678
17.333549, 3.007414
17.871214, 2.954069
17.937653, 2.930686
5
19.186702, 3.620992
18.178800, 3.980149
17.937653, 2.930686
18.659994, 2.672776
18.831639, 2.611612
4
20.193061, 3.256706
19.186702, 3.620992
18.831639, 2.611612
19.896313, 2.242765
4
21.131916, 3.039266
20.193061, 3.256706
19.896313, 2.242765
20.959774, 1.989898
4
22.198475, 2.949780
21.131916, 3.039266
20.959774, 1.989898
21.969793, 1.899289
6
23.184693, 2.602296
22.816900, 2.903980
22.198475, 2.949780
21.969793, 1.899289
22.416545, 1.839427
22.659288, 1.660148
6
24.000000, 1.909825
24.000000, 1.945331
23.993609, 1.950685
23.184693, 2.602296
22.659288, 1.660148
23.337792, 1.104236
6
24.000000, 1.909825
23.337792, 1.104236
23.572823, 0.907321
23.777869, 0.735529
23.895110, 0.637302
24.000000, 0.549423
4
0.073008, 5.341159
0.093632, 5.344666
0.000000, 5.950418
0.000000, 5.328744
7
0.171418, 5.357894
1.034821, 5.475580
1.072928, 5.481796
0.966516, 6.546453
0.000000, 6.411948
0.000000, 5.950418
0.093632, 5.344666
6
1.170385, 5.494571
2.096431, 5.543890
2.115962, 5.544789
2.010880, 6.610198
0.966516, 6.546453
1.072928, 5.481796
4
3.103086, 5.679364
3.047555, 6.750079
2.010880, 6.610198
2.115962, 5.544789
6
4.093024, 6.718195
3.056004, 6.751422
3.103086, 5.679364
3.123412, 5.678713
3.259938, 5.700401
4.009760, 5.656461
4
5.131299, 6.588262
4.093024, 6.718195
4.009760, 5.656461
4.934299, 5.537486
6
6.325332, 6.398214
5.131299, 6.588262
4.934299, 5.537486
5.617138, 5.432930
5.696033, 5.411071
5.714598, 5.400913
6
6.989133, 5.739296
6.921987, 5.796265
6.325332, 6.398214
5.714598, 5.400913
5.970250, 5.261029
6.396662, 4.862078
6
7.770422, 5.218397
7.116961, 5.654071
6.989133, 5.739296
6.396662, 4.862078
6.406594, 4.852444
7.226754, 4.307728
4
8.598288, 4.774425
7.770422, 5.218397
7.226754, 4.307728
8.140160, 3.820345
6
9.468467, 4.124800
9.418161, 4.179503
9.270805, 4.469919
8.598288, 4.774425
8.140160, 3.820345
9.178422, 3.375031
4
10.305776, 3.265192
9.468467, 4.124800
9.178422, 3.375031
10.224380, 3.013188
4
10.766919, 2.856519
10.305776, 3.265192
10.224380, 3.013188
10.785083, 2.844779
5
17.647371, 2.961501
17.312453, 2.972400
16.751870, 2.116591
16.675724, 1.975797
17.459256, 1.906316
7
18.659994, 2.672776
18.322453, 2.760617
17.871214, 2.922475
17.647371, 2.961501
17.459256, 1.906316
17.679315, 1.882144
18.355101, 1.647180
5
19.644280, 2.317259
18.831639, 2.611612
18.659994, 2.672776
18.355101, 1.647180
19.338926, 1.316774
4
20.552071, 2.073395
19.644280, 2.317259
19.338926, 1.316774
20.320642, 1.046715
5
21.583742, 1.910017
20.968937, 1.986316
20.552071, 2.073395
20.320642, 1.046715
21.330623, 0.879358
7
22.659288, 1.660148
22.416545, 1.839427
21.583742, 1.910017
21.330623, 0.879358
21.771563, 0.831250
22.089350, 0.719281
22.134971, 0.693091
5
23.439431, 1.014392
22.659288, 1.660148
22.134971, 0.693091
22.163244, 0.676861
22.799455, 0.159359
6
24.000000, 0.053117
24.000000, 0.548002
23.439431, 1.014392
22.799455, 0.159359
22.989661, 0.000000
23.955652, 0.000000
3
24.000000, 0.053117
23.955652, 0.000000
24.000000, 0.000000
3
0.146791, 4.268346
0.000000, 5.208175
0.000000, 4.243384
7
0.169118, 4.272142
1.047493, 4.396549
1.144901, 4.410655
1.034821, 5.475580
0.000000, 5.328744
0.000000, 5.208175
0.146791, 4.268346
6
1.167982, 4.413867
2.111866, 4.472900
2.195320, 4.478385
2.096431, 5.543890
1.034821, 5.475580
1.144901, 4.410655
5
2.380777, 4.500844
3.191288, 4.603192
3.152233, 5.672088
2.096431, 5.543890
2.195320, 4.478385
5
4.214187, 5.621635
3.152233, 5.672088
3.191288, 4.603192
3.215775, 4.605204
4.101543, 4.560273
4
5.262448, 5.448165
4.214187, 5.621635
4.101543, 4.560273
4.934887, 4.431096
7
6.206289, 4.981538
5.835617, 5.314414
5.262448, 5.448165
4.934887, 4.431096
5.207736, 4.362541
5.277137, 4.329820
5.675355, 4.056552
6
7.086417, 4.382750
6.416258, 4.843070
6.206289, 4.981538
5.675355, 4.056552
6.244178, 3.677090
6.540547, 3.479382
4
8.017110, 3.864715
7.086417, 4.382750
6.540547, 3.479382
7.550311, 2.922371
4
8.990959, 3.432733
8.017110, 3.864715
7.550311, 2.922371
8.600833, 2.458561
4
9.994894, 3.077932
8.990959, 3.432733
8.600833, 2.458561
9.659176, 2.076960
7
11.000282, 2.725429
10.890437, 2.776683
10.785083, 2.844779
10.795163, 2.838264
9.994894, 3.077932
9.659176, 2.076960
10.710199, 1.750518
5
11.999687, 2.336365
11.859348, 2.454762
11.000282, 2.725429
10.710199, 1.750518
11.767872, 1.449511
4
12.985196, 1.752842
11.999687, 2.336365
11.767872, 1.449511
12.882021, 1.183845
5
13.933478, 1.179754
13.650716, 1.444528
12.985196, 1.752842
12.882021, 1.183845
13.921566, 1.053558
4
14.021761, 1.106607
13.933478, 1.179754
13.921566, 1.053558
14.120608, 1.040893
5
17.205572, 1.906005
16.666212, 1.953717
16.256882, 1.003487
16.146302, 0.928615
17.039239, 0.849454
6
18.241687, 1.669882
17.723629, 1.841143
17.205572, 1.906005
17.039239, 0.849454
17.244148, 0.827368
17.962414, 0.642365
5
19.251181, 1.333289
18.241687, 1.669882
17.962414, 0.642365
18.750282, 0.387749
18.952865, 0.322280
4
20.277256, 1.050365
19.251181, 1.333289
18.952865, 0.322280
20.031665, 0.027021
6
21.322468, 0.852730
21.087821, 0.901253
20.277256, 1.050365
20.031665, 0.027021
20.162330, 0.000000
21.064853, 0.000000
7
22.357709, 0.494265
22.134971, 0.670802
21.773416, 0.813120
21.322468, 0.852730
21.064853, 0.000000
22.049520, 0.000000
22.106577, 0.104164
4
22.357709, 0.494265
22.106577, 0.104164
22.049520, 0.000000
22.944207, 0.000000
4
0.092692, 3.173786
0.158822, 3.185031
0.000000, 4.188907
0.000000, 3.158023
7
0.173063, 3.187453
1.007395, 3.309091
1.163412, 3.332305
1.047493, 4.396549
0.000000, 4.243384
0.000000, 4.188907
0.158822, 3.185031
6
1.182072, 3.334962
2.060907, 3.396025
2.212258, 3.407374
2.111866, 4.472900
1.047493, 4.396549
1.163412, 3.332305
6
3.201355, 3.522878
3.171806, 4.596641
2.111866, 4.472900
2.212258, 3.407374
3.111616, 3.511534
3.117236, 3.512214
5
4.236552, 4.531406
3.171806, 4.596641
3.203968, 3.522718
3.228799, 3.525725
4.061687, 3.475550
6
5.208772, 4.346832
4.236552, 4.531406
4.061687, 3.475550
4.539133, 3.398757
4.643665, 3.366836
4.845726, 3.266939
4
6.179742, 3.715860
5.208772, 4.346832
4.845726, 3.266939
5.638323, 2.792941
6
7.093957, 3.165792
6.244178, 3.677090
6.179742, 3.715860
5.638323, 2.792941
6.517576, 2.272941
6.588086, 2.231241
4
8.050988, 2.694326
7.093957, 3.165792
6.588086, 2.231241
7.615879, 1.724328
4
9.039007, 2.291042
8.050988, 2.694326
7.615879, 1.724328
8.668417, 1.297662
4
10.049898, 1.948373
9.039007, 2.291042
8.668417, 1.297662
9.724788, 0.936997
4
11.072758, 1.643524
10.049898, 1.948373
9.724788, 0.936997
10.780354, 0.618514
4
12.101859, 1.360388
11.072758, 1.643524
10.780354, 0.618514
11.852065, 0.330264
4
13.039689, 1.152835
12.101859, 1.360388
11.852065, 0.330264
12.866796, 0.110745
5
14.101128, 1.035261
13.039689, 1.152835
12.866796, 0.110745
13.819067, 0.000000
14.008279, 0.000000
9
15.147938, 0.660401
14.980019, 0.673546
14.847074, 0.701167
14.465333, 0.832598
14.342808, 0.893173
14.130514, 1.032511
14.101128, 1.035261
14.008279, 0.000000
15.108248, 0.000000
6
16.232313, 0.916281
16.136178, 0.921760
15.738810, 0.652709
15.147938, 0.660401
15.108248, 0.000000
16.148985, 0.000000
4
17.289845, 0.783989
16.232313, 0.916281
16.148985, 0.000000
17.140834, 0.000000
4
18.322688, 0.518933
17.289845, 0.783989
17.140834, 0.000000
18.179358, 0.000000
5
19.343011, 0.205903
18.750282, 0.387749
18.322688, 0.518933
18.179358, 0.000000
19.286820, 0.000000
4
20.024923, 0.019660
19.343011, 0.205903
19.286820, 0.000000
20.122465, 0.000000
3
0.131469, 2.095019
0.000000, 2.914883
0.000000, 2.072663
6
1.131214, 2.245992
1.007395, 3.309091
0.000000, 3.158023
0.000000, 2.914883
0.131469, 2.095019
1.057669, 2.234586
6
1.189624, 2.254543
2.123562, 2.327559
2.163936, 2.331137
2.060907, 3.396025
1.007395, 3.309091
1.131214, 2.245992
4
3.127176, 2.437830
3.111616, 3.511534
2.060907, 3.396025
2.163936, 2.331137
6
4.163181, 3.426689
3.117236, 3.512214
3.127176, 2.437830
3.222260, 2.448046
3.842870, 2.411528
3.933613, 2.391989
7
5.147915, 3.061556
4.672351, 3.343005
4.163181, 3.426689
3.933613, 2.391989
4.250852, 2.307772
4.388355, 2.271269
4.700280, 2.100811
4
6.059571, 2.525813
5.147915, 3.061556
4.700280, 2.100811
5.547264, 1.603676
5
6.985269, 2.014720
6.517576, 2.272941
6.059571, 2.525813
5.547264, 1.603676
6.515700, 1.078066
4
7.948290, 1.577016
6.985269, 2.014720
6.515700, 1.078066
7.536801, 0.607091
4
8.936513, 1.200098
7.948290, 1.577016
7.536801, 0.607091
8.576746, 0.203371
5
9.940790, 0.869069
8.936513, 1.200098
8.576746, 0.203371
9.185368, 0.000000
9.666951, 0.000000
4
10.954482, 0.568508
9.940790, 0.869069
9.666951, 0.000000
10.796574, 0.000000
4
11.977107, 0.299621
10.954482, 0.568508
10.796574, 0.000000
11.908986, 0.000000
4
13.013216, 0.089031
11.977107, 0.299621
11.908986, 0.000000
12.998785, 0.000000
4
13.600116, 0.015535
13.013216, 0.089031
12.998785, 0.000000
13.741194, 0.000000
3
0.170663, 1.016324
0.000000, 2.072663
0.000000, 0.987303
5
1.185245, 1.171731
1.057669, 2.234586
0.000000, 2.072663
0.170663, 1.016324
0.849589, 1.119695
4
2.222728, 1.262162
2.123562, 2.327559
1.057669, 2.234586
1.185245, 1.171731
5
3.152428, 1.358050
3.188244, 2.432837
2.163936, 2.331137
2.123562, 2.327559
2.222728, 1.262162
7
4.250852, 2.307772
3.847040, 2.396719
3.188244, 2.432837
3.152428, 1.358050
3.180298, 1.359916
3.721001, 1.308271
3.916666, 1.235719
5
5.201533, 1.800235
4.250852, 2.307772
3.916666, 1.235719
4.269093, 1.099517
4.712969, 0.847722
4
6.128743, 1.264952
5.201533, 1.800235
4.712969, 0.847722
5.642633, 0.334479
5
7.088899, 0.791175
6.128743, 1.264952
5.646078, 0.332610
6.320305, 0.000000
6.727692, 0.000000
4
8.078307, 0.382303
7.088899, 0.791175
6.727692, 0.000000
7.929053, 0.000000
4
9.086773, 0.024182
8.078307, 0.382303
7.929053, 0.000000
9.078373, 0.000000
3
9.086773, 0.024182
9.078373, 0.000000
9.157602, 0.000000
7
0.690315, 0.013413
0.990331, 0.059344
0.849589, 1.119695
0.000000, 0.985435
0.000000, 0.013578
0.002227, 0.000000
0.602702, 0.000000
5
1.201436, 0.091663
1.966384, 0.165724
1.861124, 1.228537
0.849589, 1.119695
0.990331, 0.059344
6
2.221055, 0.187951
2.843449, 0.248306
2.874344, 1.320226
2.222728, 1.262162
1.861124, 1.228537
1.966384, 0.165724
7
3.916666, 1.235719
3.690772, 1.286113
3.207698, 1.339369
2.874344, 1.320226
2.843449, 0.248306
3.133146, 0.272490
3.599783, 0.187579
6
4.812442, 0.778386
3.916666, 1.235719
3.599783, 0.187579
3.617665, 0.183287
4.003697, 0.000000
4.448401, 0.000000
6
5.709354, 0.298267
5.646078, 0.332610
5.642633, 0.334479
4.812442, 0.778386
4.448401, 0.000000
5.556525, 0.000000
4
6.153202, 0.066931
5.709354, 0.298267
5.556525, 0.000000
6.298313, 0.000000
6
8.425953, 7.317727
7.754865, 6.504948
7.858032, 6.410562
8.758283, 5.877572
9.101491, 6.536355
8.868238, 7.033403
7
7.322769, 6.948823
7.551799, 6.690728
7.754865, 6.504948
8.425953, 7.317727
8.296958, 7.417600
8.113778, 7.612539
8.077144, 7.710802
9
9.722625, 14.521277
9.703084, 14.753451
9.574238, 15.189414
9.364197, 15.487708
9.168275, 15.658920
9.081787, 15.713638
8.934464, 15.000663
8.874646, 14.884627
9.726695, 14.444615
6
9.736846, 14.253410
9.726695, 14.444615
8.874646, 14.884627
8.818334, 14.775392
8.388651, 14.318276
9.187753, 13.606302
7
8.547814, 12.922073
8.790371, 13.251290
9.187753, 13.606302
8.388651, 14.318276
7.793348, 13.681840
7.739273, 13.617251
8.461403, 12.829682
7
7.837782, 12.340342
8.461403, 12.829682
7.739273, 13.617251
7.656120, 13.521083
7.464303, 13.361123
7.235252, 13.227369
7.740822, 12.284072
10
7.612923, 12.225463
7.740822, 12.284072
7.235252, 13.227369
7.196041, 13.204472
6.835090, 13.062185
6.423919, 12.959916
6.464475, 12.819527
6.766047, 12.496417
7.035641, 12.280725
7.320997, 12.129151
4
6.423919, 12.959916
6.365205, 12.945313
6.415015, 12.878754
6.464475, 12.819527
4
9.773683, 13.294351
9.736846, 14.253410
9.256293, 13.667752
9.778996, 13.196455
10
9.460593, 12.508427
9.541688, 12.589293
9.651459, 12.842270
9.728872, 12.961264
9.774730, 12.996113
9.789838, 12.996655
9.778996, 13.196455
9.256293, 13.667752
8.558402, 12.933395
9.131899, 12.317721
8
8.393963, 11.709830
8.588742, 11.724314
8.626961, 11.755136
8.969901, 12.164118
9.131899, 12.317721
8.558402, 12.933395
7.951932, 12.407380
8.382125, 11.709560
6
8.274499, 11.707103
8.382125, 11.709560
7.951932, 12.407380
7.705335, 12.255951
7.352542, 12.116354
8.221198, 11.706365
4
14.632311, 1.992765
14.752795, 1.875396
15.060008, 1.744831
15.250683, 1.718461
8
15.300658, 1.711549
15.397943, 1.714109
15.780253, 2.601615
15.799475, 2.626751
14.870835, 3.133075
14.437224, 2.183287
14.632311, 1.992765
15.250683, 1.718461
5
15.816778, 2.649379
16.380352, 3.505142
15.443584, 4.017271
14.870835, 3.133075
15.799475, 2.626751
5
16.818153, 4.458402
15.794198, 4.720806
15.777372, 4.663634
15.443584, 4.017271
16.380352, 3.505142
6
16.892798, 5.505031
15.828403, 5.522435
15.836348, 4.922008
15.815005, 4.791510
15.794198, 4.720806
16.818153, 4.458402
4
16.852316, 6.556000
15.792812, 6.457824
15.828403, 5.522435
16.892798, 5.505031
4
16.852316, 6.556000
16.698974, 7.596660
15.655341, 7.388600
15.792812, 6.457824
4
16.698974, 7.596660
16.441506, 8.616619
15.425377, 8.301768
15.655341, 7.388600
4
16.441506, 8.616619
16.077302, 9.603076
15.128406, 9.132502
15.425377, 8.301768
4
16.077302, 9.603076
15.513934, 10.487697
14.704784, 9.820060
15.128406, 9.132502
4
15.513934, 10.487697
14.750958, 11.210172
14.092225, 10.385065
14.704784, 9.820060
4
14.750958, 11.210172
13.876605, 11.794766
13.342815, 10.877564
14.092225, 10.385065
4
13.876605, 11.794766
12.936375, 12.266216
12.528354, 11.288398
13.342815, 10.877564
4
12.936375, 12.266216
11.941043, 12.602521
11.769836, 11.562561
12.528354, 11.288398
8
11.941043, 12.602521
11.420124, 12.706227
10.927543, 12.661195
11.023735, 11.575954
11.130196, 11.606322
11.269426, 11.628364
11.393185, 11.633519
11.769836, 11.562561
7
10.592114, 11.425231
11.023735, 11.575954
10.927543, 12.661195
10.278369, 12.449914
10.085909, 12.379046
9.987664, 12.356833
10.239051, 11.338156
4
10.239051, 11.338156
9.987664, 12.356833
8.961026, 12.124716
9.207285, 11.083386
9
9.207285, 11.083386
8.961026, 12.124716
8.934095, 12.118627
8.626961, 11.755136
8.588742, 11.724314
8.221198, 11.706365
8.717022, 11.508729
8.681190, 10.964439
9.055537, 11.049077
6
14.655180, 2.694427
13.708029, 3.162485
13.498290, 2.693374
14.161479, 2.392711
14.337307, 2.283204
14.437224, 2.183287
5
14.741221, 2.894165
15.126797, 3.532345
14.188849, 4.047218
13.708029, 3.162485
14.655180, 2.694427
5
15.644307, 4.466359
14.628481, 4.818169
14.517343, 4.576178
14.188849, 4.047218
15.126797, 3.532345
6
15.814147, 5.512983
14.745643, 5.574668
14.713022, 5.023529
14.690198, 4.952548
14.628481, 4.818169
15.644307, 4.466359
4
15.765479, 6.580955
14.701366, 6.466386
14.745643, 5.574668
15.814147, 5.512983
4
14.543037, 7.393865
14.701366, 6.466386
15.765479, 6.580955
15.585674, 7.634957
5
14.289612, 8.266403
14.543037, 7.393865
15.585674, 7.634957
15.284672, 8.660409
14.552672, 8.370565
7
14.552672, 8.370565
15.284672, 8.660409
14.803497, 9.611124
14.298585, 9.250032
13.931985, 8.987856
14.173097, 8.581986
14.289612, 8.266403
7
14.298585, 9.250032
14.803497, 9.611124
14.059224, 10.373898
13.380972, 9.546453
13.795173, 9.168034
13.883207, 9.064449
13.931985, 8.987856
5
14.059224, 10.373898
13.162933, 10.955495
12.652390, 10.014658
12.775219, 9.953069
13.380972, 9.546453
5
13.162933, 10.955495
12.187079, 11.389840
11.923479, 10.462727
11.894134, 10.359515
12.652390, 10.014658
6
11.923479, 10.462727
12.187079, 11.389840
11.137056, 11.532740
11.181023, 10.462893
11.612282, 10.454748
11.894134, 10.359515
7
11.159836, 10.462903
11.181023, 10.462893
11.137056, 11.532740
10.504510, 11.393011
10.099032, 11.285005
10.336835, 10.261366
10.337098, 10.260234
5
10.336835, 10.261366
10.099032, 11.285005
9.207285, 11.083386
9.055537, 11.049077
9.300267, 10.007474
5
9.300267, 10.007474
9.055537, 11.049077
8.681190, 10.964439
8.688497, 10.458503
8.834879, 9.902220
5
9.764431, 12.881506
9.577765, 12.553307
9.136815, 12.298656
8.995243, 12.141661
9.839110, 12.351643
4
10.204439, 9.303786
9.881939, 10.147838
8.834892, 9.902183
9.212885, 8.901395
4
10.614857, 8.359556
10.204439, 9.303786
9.212885, 8.901395
9.639279, 7.920060
4
10.992359, 7.543589
10.615319, 8.358540
9.639279, 7.920060
10.089750, 6.949526
6
11.640595, 6.820458
11.140281, 7.233707
10.992359, 7.543589
10.089750, 6.949526
10.296184, 6.522197
10.785372, 6.171694
5
12.074447, 6.141088
11.640595, 6.820458
10.785372, 6.171694
10.946763, 6.056058
11.125482, 5.639047
5
12.530461, 5.077055
12.463666, 5.232910
12.074447, 6.141088
11.125482, 5.639047
11.546976, 4.655562
5
12.951954, 4.093570
12.867632, 4.290323
12.530461, 5.077055
11.546976, 4.655562
11.968469, 3.672077
10
13.373448, 3.110085
13.271598, 3.347736
12.951954, 4.093570
11.968469, 3.672077
12.039987, 3.505201
12.272901, 3.480883
12.407733, 3.420850
12.624150, 3.203126
12.873404, 3.019213
12.995753, 2.948216
4
13.523870, 2.759101
13.373448, 3.110085
12.995753, 2.948216
13.494605, 2.694998
4
11.080997, 10.011919
10.931798, 10.406946
9.894983, 10.151059
10.085017, 9.625355
4
11.456101, 9.108677
11.080997, 10.011919
10.085017, 9.625355
10.478269, 8.678333
4
11.825011, 8.293965
11.456101, 9.108677
10.478269, 8.678333
10.910859, 7.748857
6
12.400346, 7.539659
11.910053, 8.124314
11.825011, 8.293965
10.910859, 7.748857
11.140281, 7.233707
11.536773, 6.936557
6
12.960221, 6.684147
12.400346, 7.539659
11.536773, 6.936557
11.798666, 6.679010
11.918766, 6.504343
12.058373, 6.178594
5
13.439253, 5.672833
12.960221, 6.684147
12.058373, 6.178594
12.074447, 6.141088
12.463666, 5.232910
4
13.851117, 4.711817
13.439253, 5.672833
12.463666, 5.232910
12.867632, 4.290323
5
13.928384, 3.629216
14.155950, 4.000540
13.851117, 4.711817
12.867632, 4.290323
13.271598, 3.347736
4
13.583456, 2.889619
13.928384, 3.629216
13.271598, 3.347736
13.523870, 2.759101
7
14.585669, 4.763127
13.700245, 5.063851
13.747456, 4.953692
13.852829, 4.707821
13.958203, 4.461950
14.063576, 4.216079
14.152464, 4.008673
7
14.721352, 5.772679
13.668933, 5.803178
13.660929, 5.318672
13.649181, 5.249618
13.634412, 5.217461
13.700245, 5.063851
14.585669, 4.763127
4
14.644203, 6.790485
13.595644, 6.637509
13.668933, 5.803178
14.721352, 5.772679
4
14.644203, 6.790485
14.429417, 7.788761
13.418579, 7.476639
13.595475, 6.638640
5
14.429417, 7.788761
14.045579, 8.730436
13.166431, 8.188854
13.194179, 8.140209
13.418579, 7.476639
5
14.045579, 8.730436
13.376623, 9.497482
12.696495, 8.718872
13.038664, 8.398645
13.166431, 8.188854
4
13.376623, 9.497482
12.524354, 10.058762
12.068722, 9.110345
12.696495, 8.718872
5
12.524354, 10.058762
11.566837, 10.369005
11.439326, 9.383759
11.723064, 9.282552
12.068722, 9.110345
5
11.566837, 10.369005
10.958981, 10.334975
11.334014, 9.389658
11.364145, 9.391090
11.430910, 9.386603
6
12.466838, 8.875748
11.723064, 9.282552
11.430910, 9.386603
11.364145, 9.391090
11.334397, 9.389676
11.749360, 8.458743
5
13.174477, 8.174748
13.038664, 8.398645
12.466838, 8.875748
11.749360, 8.458743
12.371616, 7.611835
5
13.497592, 7.163628
13.194179, 8.140209
13.174477, 8.174748
12.371616, 7.611835
12.906429, 6.826313
4
13.656573, 6.124068
13.497592, 7.163628
12.906429, 6.826313
13.312971, 5.967490
5
13.634412, 5.217461
13.649181, 5.249618
13.660929, 5.318672
13.656573, 6.124068
13.312971, 5.967490
6
11.723867, 4.242815
11.695951, 4.307953
11.048469, 4.030460
11.426170, 3.700881
11.760179, 3.554761
12.039987, 3.505201
5
11.695951, 4.307953
11.274457, 5.291438
11.130107, 5.083766
10.670473, 4.422506
11.048469, 4.030460
9
11.130107, 5.083766
11.274457, 5.291438
10.469960, 5.330841
10.236759, 5.223168
10.196353, 5.152165
10.186595, 4.952923
10.189808, 4.938507
10.315557, 4.772844
10.670473, 4.422506
3
10.196353, 5.152165
10.157430, 5.083766
10.186595, 4.952923
